--------Calibration--2025-03-14-----camera V3W----
mtx = [[ 6.61802073e+03  0.00000000e+00  6.38853934e+02]
 [ 0.00000000e+00  6.22196742e+04 -9.60632694e+01]
 [ 0.00000000e+00  0.00000000e+00  1.00000000e+00]]
dist = [[ 1.53568077e+02 -1.11467536e+04 -4.20435210e-01 -2.79952459e+00
  -1.77814047e+02]]--------Calibration--2025-03-14-----camera V3W----
mtx = [[ 6.34884938e+03  0.00000000e+00  7.27122225e+02]
 [ 0.00000000e+00  9.17338677e+04 -9.45566840e-01]
 [ 0.00000000e+00  0.00000000e+00  1.00000000e+00]]
dist = [[ 2.16821248e+02 -3.67013270e+04 -4.31591098e-01 -2.01932968e+00
  -2.33346472e+02]]
--------Calibration--2025-03-14-----camera V3W----
mtx = [[ 6.34884938e+03  0.00000000e+00  7.27122225e+02]
 [ 0.00000000e+00  9.17338677e+04 -9.45566840e-01]
 [ 0.00000000e+00  0.00000000e+00  1.00000000e+00]]
dist = [[ 2.16821248e+02 -3.67013270e+04 -4.31591098e-01 -2.01932968e+00
  -2.33346472e+02]]
--------Calibration--2025-03-14-----camera V3W----
mtx = [[ 6.34884938e+03  0.00000000e+00  7.27122225e+02]
 [ 0.00000000e+00  9.17338677e+04 -9.45566840e-01]
 [ 0.00000000e+00  0.00000000e+00  1.00000000e+00]]
dist = [[ 2.16821248e+02 -3.67013270e+04 -4.31591098e-01 -2.01932968e+00
  -2.33346472e+02]]
--------Calibration--2025-03-14-----camera V3W----
mtx = [[ 6.34884938e+03  0.00000000e+00  7.27122225e+02]
 [ 0.00000000e+00  9.17338677e+04 -9.45566840e-01]
 [ 0.00000000e+00  0.00000000e+00  1.00000000e+00]]
dist = [[ 2.16821248e+02 -3.67013270e+04 -4.31591098e-01 -2.01932968e+00
  -2.33346472e+02]]
