--------Calibration--2025-03-02-----camera V3W----0_V3W_4608x2592Echequier
mtx = [[1.85354284e+04 0.00000000e+00 2.27009867e+03]
 [0.00000000e+00 3.82499883e+04 5.97719799e+01]
 [0.00000000e+00 0.00000000e+00 1.00000000e+00]]
dist = [[ 4.45559743e+02 -5.91066833e+04 -3.42408291e+00 -3.07465742e+00
  -2.74040514e+02]]

--------Calibration--2025-03-02-----camera V3W----
mtx = [[2.41479476e+04 0.00000000e+00 2.32380951e+02]
 [0.00000000e+00 3.02570632e+03 1.76275668e+02]
 [0.00000000e+00 0.00000000e+00 1.00000000e+00]]
dist = [[-4.07726664e+01  1.93854433e+03 -1.28399050e+00 -5.34958764e-01
   1.20254083e+04]]
--------Calibration--2025-03-14-----camera V3W----
mtx = [[ 6.61802073e+03  0.00000000e+00  6.38853934e+02]
 [ 0.00000000e+00  6.22196742e+04 -9.60632694e+01]
 [ 0.00000000e+00  0.00000000e+00  1.00000000e+00]]
dist = [[ 1.53568077e+02 -1.11467536e+04 -4.20435210e-01 -2.79952459e+00
  -1.77814047e+02]]
--------Calibration--2025-03-14-----camera V3W----
mtx = [[ 6.61802073e+03  0.00000000e+00  6.38853934e+02]
 [ 0.00000000e+00  6.22196742e+04 -9.60632694e+01]
 [ 0.00000000e+00  0.00000000e+00  1.00000000e+00]]
dist = [[ 1.53568077e+02 -1.11467536e+04 -4.20435210e-01 -2.79952459e+00
  -1.77814047e+02]]
